1135
452.641  187.258  356.37  184.108
461.744  173.173  358.837  168.667
611.649  77.8384  476.465  66.233
573.787  157.835  441.391  151.082
461.766  298.645  353.136  276.822
104.103  205.851  182.65  195.312
194.421  257.45  217.23  234.137
247.461  413.45  236.941  346.734
553.468  283.462  421.001  273.872
545.35  286.596  414.79  276.317
603.931  126.793  467.801  117.849
620.632  78.629  484.568  65.8653
574.998  160.467  442.808  153.844
240.507  400.727  234.312  338.853
251.125  262.301  241.68  237.654
531.794  302.381  403.953  289.909
403.198  242.089  320.947  228.089
173.34  305.098  207.631  263.445
574.369  161.482  442.009  154.807
89.9301  215.241  177.203  202.13
576.695  386.641  436.729  378.653
546.462  289.214  415.905  279.301
620.687  83.9294  484.582  71.4125
574.03  283.994  438.015  276.82
592.925  107.206  459.216  98.6855
292.711  434.855  257.649  370.246
547.148  176.722  420.656  170.926
581.166  81.6647  449.875  74.0588
109.102  196.712  184.654  189.294
453.653  214.874  351.194  204.554
529.285  275.631  403.416  264.982
414.891  252.746  324.705  233.633
554.083  286.177  421.023  276.158
547.967  231.191  419.391  223.781
528.358  366.205  399.699  349.805
563.165  379.871  425.792  369.018
589.242  127.15  454.783  119.278
518.341  138.245  399.533  134.838
483.825  223.431  373.105  214.748
530.011  147.348  406.308  142.371
581.362  374.659  441.149  368.022
529.427  273.944  403.487  263.328
481.52  253.864  369.777  241.313
573.759  156.631  441.56  149.877
591.283  307.336  451.244  301.825
546.082  178.394  419.389  172.421
443.521  294.227  341.819  271.69
136.323  271.391  193.793  237.997
99.1453  248.25  180.346  222.762
531.522  147.679  407.908  142.793
465.837  207.123  360.43  198.873
133.492  306.59  192.072  262.401
473.634  221.206  364.356  210.7
590.32  101.261  457.051  92.9538
457.695  207.203  354.951  198.575
533.614  145.96  410.246  141.17
512.99  160.389  394.341  155.7
584.644  130.886  450.891  123.429
576.975  162.59  444.233  155.776
611.66  383.179  465.662  381.411
552.969  174.556  423.452  167.796
465.359  164.536  361.592  160.87
216.02  319.334  224.798  274.414
581.469  303.988  443.105  297.275
513.579  268.755  391.383  256.708
600.103  124.62  464.888  115.875
495.886  248.267  382.204  239.387
442.531  327.801  342.409  303.878
532.651  272.044  406.539  262.37
549.29  179.418  422.854  173.861
486.968  455.771  369.042  426.192
551.29  223.999  421.506  216.283
438.22  230.305  341.587  217.981
25.5314  166.463  155.349  171.195
557.778  268.883  428.004  262.922
514.19  286.713  391.512  273.701
307.151  468.415  263.997  397.868
468.73  219.4  362.189  209.839
521.775  166.36  404.667  162.725
577.429  305.726  439.206  298.065
500.647  243.069  383.643  232.638
603.364  114.397  468.077  105.04
512.254  272.611  390.345  260.258
503.959  353.696  381.846  333.732
545.823  174.025  418.688  167.952
616.646  340.582  471.326  338.702
425.861  186.861  336.128  181.303
588.52  99.7116  455.271  91.3734
122.377  297.479  187.985  255.912
291.14  416.255  257.479  356.696
620.442  109.721  483.67  98.5624
489.671  178.084  375.869  171.569
506.842  266.657  386.946  254.367
216.022  347.049  224.667  296.469
190.759  263.011  215.35  235.282
605.062  116.279  469.341  106.801
420.604  151.786  332.784  150.506
332.856  433.329  277.113  372.818
400.041  152.199  321.364  152.084
471.801  238.803  364.027  227.917
602.356  115.237  466.955  106.188
330.35  241.867  281.685  227.697
472.382  218.425  364.508  208.898
567.044  391.317  428.473  381.005
547.206  280.048  416.461  270.391
593.197  105.517  459.83  96.8716
488.628  352.242  371.23  330.173
422.795  189.63  333.904  183.452
568.873  402.871  430.783  393.995
229.83  285.076  231.602  251.455
172.345  263.65  207.839  236.418
556.255  291.356  423.359  282.372
592.017  298.913  453.01  294.3
151.179  232.446  200.201  213.926
260.096  394.777  243.177  335.182
529.245  277.778  403.392  267.213
406.998  302.652  323.693  283.182
610.632  443.264  465.912  446.886
498.766  257.836  381.404  245.985
137.376  269.242  193.934  239.18
348.727  430.746  285.48  373.752
487.022  252.127  373.779  240.103
273.245  243.449  252.026  224.05
388.708  151.139  317.097  153.538
348.072  244.899  290.352  228.833
620.7  102.315  484.152  90.6947
446.699  191.906  350.002  186.684
515.167  142.469  397.495  138.923
491.486  352.092  373.199  330.533
228.93  298.05  231.018  260.792
561.51  255.101  429.198  247.464
471.372  261.029  363.45  247.79
570.603  105.942  441.682  99.4966
527.231  270.891  401.487  259.998
539.422  375.173  407.768  360.052
562.242  377.896  424.183  365.311
198.776  310.536  217.76  268.955
497.057  253.499  380.272  241.905
556.103  166.96  426.977  160.542
201.815  388.345  217.955  323.218
572.893  282.334  436.836  274.604
566.6  282.733  431.785  274.454
618.414  308.278  474.732  306.348
554.306  169.042  425.437  162.993
405.636  242.911  321.193  226.944
128.859  363.497  189.657  300.204
600.677  118.71  465.365  109.602
477.41  306.796  364.635  287.164
589.996  128.018  455.326  119.855
205.575  265.427  221.583  239.681
555.861  168.956  426.788  162.503
146.301  321.307  196.652  271.655
427.981  178.741  336.968  174.122
555.197  171.161  426.255  165.134
595.354  155.498  460.392  147.873
578.891  102.457  447.086  95.4256
216.343  256.344  226.181  231.891
217.262  346.512  225.246  295.387
407.93  300.035  321.321  275.003
348.041  243.743  290.244  228.424
569.674  386.676  431.582  377.608
603.79  116.369  467.861  107.291
599.743  123.315  464.322  114.812
543.753  358.277  410.368  343.751
527.725  275.298  401.875  264.419
534.548  273.91  407.011  263.027
549.993  228.35  421.339  220.978
529.445  279.528  401.95  267.486
305.18  247.379  267.887  229.708
511.601  269.026  390.288  256.736
550.85  255.208  419.97  246.166
564.481  92.1463  436.143  86.1963
239.043  240.351  236.566  221.85
528.41  269.624  402.093  258.683
462.686  207.372  357.274  197.796
620.615  91.1628  484.523  78.8518
519.741  263.863  395.268  252.088
585.932  281.011  448.109  275.434
429.278  327.712  333.28  301.049
600.628  142.068  464.792  134.119
204.049  387.275  218.987  323.203
471.175  163.717  366.474  160.331
457.945  206.98  355.83  199.375
440.156  232.631  343.302  220.439
545.012  281.285  415.354  271.487
94.6657  287.82  178.136  249.618
490.043  214.338  373.253  202.773
199.386  307.407  217.957  266.085
471.838  444.05  358.396  410.118
498.416  361.807  377.789  340.642
392.039  205.615  315.395  196.887
127.103  415.501  187.48  337.909
72.5721  250.779  171.001  223.995
537.753  277.431  409.01  266.984
245.029  253.491  239.215  230.314
447.55  162.578  348.065  158.18
598.757  124.157  463.871  115.862
595.582  139.148  460.23  130.854
497.541  293.291  379.207  278.192
82.9106  353.236  172.483  291.414
537.749  285.851  409.165  275.439
424.807  318.942  331.711  293.759
464.643  205.024  361.688  198.176
591.881  148.473  456.902  140.587
489.18  110.3  377.277  109.831
505.468  261.371  386.714  249.746
602.846  107.874  468.214  98.2099
580.123  169.534  446.582  162.997
110.153  396.533  181.54  322.629
530.826  188.844  406.545  181.806
577.162  159.912  444.395  152.837
589.272  309.137  449.244  303.466
487.761  352.455  372.032  331.698
225.206  336.526  228.865  288.442
594.881  108.235  461.4  99.3464
240.332  402.37  234.291  337.899
567.25  111.923  438.161  105.577
96.1951  336.024  177.887  278.14
501.016  179.748  385.795  174.572
590.068  151.075  454.963  143.208
572.11  388.834  432.866  379.248
143.467  269.88  196.123  239.664
537.666  231.924  411.33  223.611
618.6  291.918  476.064  289.25
212.908  275.39  224.23  245.065
414.155  196.401  328.493  188.992
431.906  319.934  334.803  294.35
500.55  259.155  382.82  246.882
602.528  133.84  466.696  124.961
229.509  287.034  231.671  253.282
266.838  396.487  246.462  337.586
572.875  177.421  440.956  171.351
565.457  293.002  430.755  285.296
315.674  233.029  273.43  217.382
545.236  174.988  418.396  169.218
618.277  297.189  475.613  294.687
625.448  225.105  484.634  220.573
553.12  167.763  424.849  162.04
573.784  282.508  438.483  275.476
389.84  226.948  313.356  215.25
589.342  155.772  454.67  148.118
589.594  153.712  454.379  146.518
596.632  139.985  460.03  131.993
587.039  282.26  449.004  276.07
165.332  307.086  204.79  262.552
565.307  283.83  432.592  277.789
549.796  284.714  418.018  275.12
407.93  300.035  321.344  276.151
109.809  200.157  184.497  191.573
545.97  226.595  418.305  219.025
579.788  303.693  441.224  296.67
256.811  393.227  241.282  333.926
480.796  252.313  369.508  239.645
567.598  296.677  431.971  288.8
173.668  294.487  207.625  258.913
554.183  181.792  427.051  176.597
573.227  105.024  443.299  98.7744
575.957  158.877  444.417  152.104
589.323  152.782  454.611  145.024
474.801  160.996  367.337  157.55
416.303  195.413  329.971  188.255
536.214  145.981  411.573  141.282
563.987  380.704  425.289  368.969
428.593  188.953  336.779  182.867
552.342  284.632  419.703  275.022
500.484  259.64  381.36  246.859
246.542  231.267  240.43  214.088
484.24  251.375  371.21  239.282
608.704  139.183  472.041  130.058
175.92  405.16  207.315  333.723
258.58  468.441  240.673  389.847
571.291  294.186  434.812  286.555
378.168  196.523  306.787  188.046
518.327  357.349  391.826  339.478
515.781  140.338  397.264  137.177
485.226  351.085  368.431  328.294
549.493  283.091  416.932  272.721
545.272  237.508  417.416  229.528
300.792  258.418  264.859  234.635
527.282  273.101  401.415  262.321
225.912  333.653  229.268  286.089
500.845  363.716  379.5  343.086
501.858  365.75  381.418  345.728
559.014  379.558  422.783  368.832
587.533  100.966  455.781  93.3276
471.184  189.958  367.113  185.772
110.388  196.296  185.546  188.708
572.11  388.834  433.012  380.575
559.911  380.336  422.783  368.832
404.533  244.71  319.95  227.331
229.723  338.572  230.981  291.325
576.037  157.674  443.704  151.379
232.274  427.606  230.552  357.108
404.178  194.166  322.547  187.988
576.326  375.734  436.743  368.357
565.123  191.812  433.857  184.824
476.929  252.513  366.997  239.673
495.812  255.512  380.625  244.163
572.258  282.407  435.488  274.637
488.501  252.335  373.779  240.103
475.115  253.453  364.602  240.329
607.849  122.013  471.443  112.201
226.939  302.557  229.76  265.964
590.321  147.928  455.481  139.957
469.107  220.365  360.804  209.942
425.11  222.863  334.033  212.315
298.429  330.285  261.793  286.974
602.321  116.469  467.212  106.988
475.437  236.357  367.261  225.827
109.37  195.135  184.316  188.331
306.551  252.5  268.232  231.377
582.193  306.36  443.048  299.635
570.774  376.004  431.05  366.073
93.0121  181.382  178.588  178.988
529.766  190.529  406.089  183.466
538.02  276.224  410.011  265.661
574.777  283.237  438.483  275.476
136.318  274.115  193.041  243.842
518.851  266.115  395.827  254.446
580.136  304.512  441.629  297.789
423.316  317.929  326.711  285.081
294.139  241.046  262.591  222.657
325.45  249.194  277.947  229.801
499.626  130.985  381.274  127.956
551.145  378.444  415.709  365.054
475.62  295.005  363.975  277.804
585.378  97.2839  451.547  88.833
433.647  294.286  336.695  273.118
484.04  203.227  369.483  192.516
500.573  248.652  381.697  236.905
211.811  273.529  223.619  243.301
250.817  225.422  242.353  212.632
588.183  311.215  448.091  305.481
620.604  359.185  474.645  359.571
492.492  353.465  373.602  332.067
170.319  315.145  206.733  268.773
317.78  469.732  268.576  400.279
88.4386  165.368  178.193  168.135
605.664  307.944  462.943  304.235
51.082  307.981  161.849  260.711
110.111  323.324  183.385  274.263
176.988  351.793  207.846  294.697
474.979  254.629  364.931  241.963
228.61  433.833  228.019  361.4
496.9  448.961  376.265  421.844
456.684  212.429  352.015  201.992
297.393  418.936  260.476  357.803
466.981  349.242  355.991  323.773
565.037  377.899  426.885  367.559
245.562  233.128  239.963  214.942
548.041  257.41  418.383  248.339
30.5495  374.956  153.97  301.998
197.389  295.697  217.158  258.723
456.282  310.779  350.528  289.527
481.488  320.141  363.007  293.342
218.078  347.34  225.788  295.289
503.78  449.058  381.48  424.323
606.779  139.547  470.278  130.417
537.852  302.88  408.835  290.714
497.627  256.987  382.115  245.746
119.461  199.84  188.774  192.309
160.36  328.9  202.539  280.692
139.643  430.175  192.822  347.665
493.021  239.747  378.062  228.434
464.486  352.34  353.861  325.467
227.941  302.017  231.224  266.767
595.224  140.441  460.03  131.993
189.814  389.219  213.327  322.747
593.29  109.751  459.298  101.756
467.832  221.33  361.43  212.237
509.956  309.472  386.83  293.841
546.718  281.358  414.086  270.279
589.93  157.222  455.34  149.447
620.679  111.404  483.741  99.9088
278.721  434.973  251.618  369.152
604.336  115.186  468.69  106.349
577.196  158.381  444.417  152.104
580.887  305.82  442.318  299.394
303.073  242.725  266.998  224.185
476.777  254.363  365.932  241.66
587.798  156.825  453.51  149.109
618.511  314.331  474.18  312.694
500.796  335.385  379.821  316.809
546.142  356.986  412.978  344.387
429.449  148.623  336.322  147.111
587.7  315.894  447.123  309.806
565.981  258.051  432.449  251.327
596.01  124.504  461.411  115.639
370.897  248.952  302.104  233.2
532.412  174.278  409.911  168.465
78.5308  235.733  172.571  214.178
508.3  132.868  390.501  130.256
540.253  300.466  409.837  289.181
183.861  260.841  213.189  233.411
594.014  106.909  460.649  97.8251
247.222  247.574  239.663  226.73
575.67  157.424  443.363  150.179
566.691  283.929  432.013  275.343
577.165  188.693  444.001  182.772
105.059  204.915  183.697  194.028
419.215  156.761  331.639  154.182
410.162  168.261  329.351  168.1
614.381  384.234  468.569  384.669
611.001  346.153  467.288  345.273
571.413  102.055  441.153  96.1061
437.464  141.099  344.52  141.919
507.55  149.058  390.189  145.607
126.289  243.365  190.958  219.99
486.463  251.309  372.302  239.182
235.032  296.137  234.205  260.512
546.191  283.555  415.775  274.471
408.502  276  323.379  256.124
429.333  149.727  337.599  147.61
153.066  235.266  201.366  215
484.404  265.022  371.696  251.115
76.4298  223.242  171.674  207.146
425.715  199.596  334.761  192.327
504.934  179.968  389.104  175.326
548.736  226.59  420.253  218.696
93.0121  181.382  179.349  179.895
620.826  133.743  483.031  123.336
231.262  285.716  232.8  253.017
327.324  465.861  273.363  399.151
576.774  307.933  438.484  300.716
405.024  196.813  322.65  190.162
90.2003  251.059  177.276  225.994
617.742  324.53  472.679  322.794
213.149  303.771  225.102  270.143
130.372  364.212  189.389  301.554
579.393  305.815  441.379  299.586
323.791  429.562  273.868  372.056
533.544  302.474  404.693  290.435
418.164  207.421  331.812  200.869
620.871  112.815  483.852  101.297
514.897  288.411  392.275  274.676
108.965  198.977  185.335  189.795
587.938  287.277  449.776  282.56
345.763  251.31  288.258  231.505
90.7222  208.064  178.086  197.806
419.532  234.684  331.594  222.254
533.127  275.428  407.575  265.449
333.932  431.108  278.903  374.244
121.81  186.284  188.585  184.317
542.913  362.671  410.238  349.294
130.086  465.843  187.534  370.635
465.331  120.295  360.401  121.166
571.538  369.858  434.074  361.375
496.871  368.983  377.526  346.931
205.461  380.282  220.153  320.041
516.928  265.57  394.928  254.007
463.73  201.628  359.702  195.071
554.903  294.613  422.645  284.796
132.238  269.457  192.953  236.658
528.574  153.475  407.714  149.859
552.709  288.195  420.139  277.395
353.098  235.01  293.587  220.553
375.92  248.975  305.478  234.55
600.466  81.9961  466.829  71.3589
549.952  257.587  419.989  248.531
545.349  279.598  412.749  268.351
578.559  186.981  446.185  180.2
148.773  402.94  196.964  329.501
398.621  204.862  319.73  196.271
448.886  225.475  348.762  215.44
464.819  206.994  358.785  198.703
468.11  215.52  360.169  205.858
286.211  417.592  255.608  356.848
515.036  357.068  389.258  338.92
76.4186  226.444  171.644  208.835
150.935  310.893  197.998  268.024
543.994  276.154  416.059  267.141
514.188  351.003  389.789  332.298
274.479  434.966  249.651  367.579
580.539  373.677  441.026  366.418
578.669  304.801  439.887  297.719
481.543  240.145  371.376  229.216
439.261  325.526  339.277  300.759
471.058  441.821  358.869  409.009
531  272.117  404.559  260.578
517.207  184.072  396.56  178.44
213.528  310.586  225.005  272.302
511.217  246.172  391.291  235.42
559.287  110.766  430.967  105.969
567.502  122.738  437.818  117.272
573.975  359.749  435.085  352.298
428.309  186.09  335.996  180.272
144.817  323.929  195.567  273.128
24.3312  166.175  155.371  171.496
618.53  323.476  473.416  321.978
595.562  123.445  461.652  115.902
133.29  266.671  191.892  236.855
563.946  112.491  435.191  105.98
162.445  361.49  203.071  301.082
529.329  189.671  405.267  182.046
144.303  309.022  196.883  264.977
485.294  441.334  368.588  411.957
495.412  292.867  377.061  277.499
471.127  220.014  362.73  210.595
572.103  376.555  431.633  366.737
548.977  349.877  414.851  337.664
590.33  371.87  447.655  366.729
562.719  87.6825  435.405  81.4912
342.465  426.367  283.373  371.147
564.799  252.174  432.202  244.302
450.555  189.826  348.628  182.549
271.084  417.453  248.579  354.733
604.336  115.186  468.077  105.04
482.799  254.704  373.146  245.857
332.371  226.424  280.77  212.277
457.582  246.033  352.102  232.129
516.213  138.487  397.461  135.741
544.48  285.423  414.005  273.945
591.875  283.738  453.325  277.742
78.9049  350.268  170.67  289.023
183.214  403.246  209.208  334.275
551.146  286.056  418.555  276.664
210.58  271.914  224.417  243.184
433.323  197.125  341.327  190.074
579.723  189.477  447.408  182.744
427.661  235.548  334.663  223.116
415.564  206.118  328.502  196.043
330.57  221.324  283.313  211.331
321.564  424.769  272.746  366.752
440.159  224.317  343.445  214.55
517.767  140.783  399.616  136.628
515.121  441.749  389.606  419.282
455.167  149.617  354.405  148.347
530.08  463.131  399.951  443.012
604.335  198.46  468.845  192.194
132.686  271.475  191.501  240.23
180.267  357.085  210.264  296.518
546.439  224.602  418.933  216.738
469.249  252.242  360.597  239.339
454.561  336.763  347.775  310.974
513.733  355.704  388.114  337.311
334.229  419.923  279.504  365.664
553.17  261.353  422.729  252.51
544.855  227.941  417.679  219.959
237.497  239.931  235.265  221.171
343.757  266.913  285.322  243.685
616.732  342.553  471.096  341.458
566.71  117.188  437.427  111.919
520.633  180.843  398.293  175.021
549.5  255.163  419.809  246.05
148.32  48.9987  202.136  88.9547
486.313  258.502  371.852  245.867
615.096  386.275  469.187  387.369
457.083  194.146  357.042  189.731
460.825  266.927  354.476  251.689
519.699  364.714  392.458  347.082
398.804  269.16  319.082  254.304
469.15  358.62  357.474  333.513
548.723  365.535  413.706  352.139
600.262  158.655  464.649  150.332
431.192  234.777  336.425  222.156
300.386  335.556  263.794  294.113
330.268  248.14  281.124  229.748
460.524  169.915  358.137  166.731
547.252  178.004  419.389  172.421
611.131  442.603  466.867  445.88
558.45  198.979  429.177  191.869
573.662  181.626  442.116  174.609
525.685  344.909  397.128  329.167
103.887  359.722  179.165  298.716
497.903  365.011  378.191  342.844
548.036  368.246  413.519  355.218
249.88  392.786  239.318  332.748
498.653  267.511  380.157  254.913
189.054  308.447  213.155  267.352
185.982  467.103  209.129  377.64
413.92  328.332  324.141  297.876
499.721  181.076  384.421  176.187
380.728  220.68  305.392  206.757
323.945  362.91  274.716  316.744
446.903  273.963  345.331  256.968
241.12  238.085  238.31  218.757
569.881  104.586  439.326  99.0095
603.79  116.369  468.69  106.349
493.514  291.596  375.706  276.284
561.129  352.004  424.43  342.055
473.08  275.928  362.354  260.637
589.615  293.579  451.235  289.65
509.765  143.408  391.339  140.339
139.439  357.56  194.337  297.9
566.474  108.182  437.205  101.31
340.118  384.753  283.06  337.559
568.083  39.733  439.664  34.7491
450.435  283.189  347.296  265.245
273.618  297.971  251.543  262.394
462.712  300.187  354.303  280.545
341.739  258.535  286.12  236.726
620.562  143.93  482.839  133.858
551.29  223.999  423.048  216.388
130.435  270.273  190.493  240.025
594.252  208.859  458.351  202.018
427.685  300.094  334.282  277.364
547.176  353.055  412.871  340.039
615.486  363.361  469.688  363.244
513.964  292  389.202  277.538
96.0451  243.812  178.259  220.232
358.265  373.337  293.096  331.307
614.929  360.521  469.318  360.252
620.459  145.74  482.752  135.759
509.742  246.245  390.34  235.244
416.642  327.022  324.724  298.692
565.513  113.732  436.877  108.728
111.7  197.63  186.467  189.93
466.558  271.869  358.559  257.151
158.045  323.829  202.12  276.949
429.055  305.911  334.334  281.337
238.73  241.768  237.193  221.098
376.094  244.504  304.386  229.285
448.35  209.135  350.371  202.78
521.763  140.943  398.071  136.862
548.996  256.316  419.446  247.016
190.738  259.947  216.491  234.657
503.655  138.411  388.666  136.604
188.744  310.095  212.904  268.754
537.63  84.9879  414.701  83.1649
562.472  115.355  433.547  110.506
597.171  123.833  462.362  114.441
535.607  350.535  404.41  336.24
571.661  375.299  432.239  366.979
318.215  423.48  271.483  366.228
51.9077  433.809  159.708  341.619
285.827  275.272  260.966  257.355
125.372  243.367  189.027  220.818
548.04  357.472  414.372  345.776
396.458  196.102  316.779  189.173
130.779  283.919  190.188  250.775
524.597  144.561  402.356  140.911
538.846  277.106  411.035  266.262
296.817  331.939  262.765  293.026
564.481  92.1463  435.064  85.4291
291.674  249.642  261.857  229.44
178.176  261.189  211.275  232.561
562.184  370.822  424.808  360.884
216.112  296.396  226.415  259.689
433.31  232.468  340.875  221.075
213.968  280.598  225.83  248.703
486.729  351.396  368.431  328.294
429.517  308.905  334.431  283.624
571.388  362.068  432.778  351.362
600.511  117.593  462.717  107.356
529.186  281.472  403.231  271.873
433.173  226.368  338.597  216.02
560.933  109.932  431.605  105.198
148.821  403.886  197.26  330.733
76.6226  235.156  171.574  213.292
286.682  233.245  259.537  216.027
454.897  208.039  353.254  200.75
507.752  450.693  384.122  425.427
429.807  324.192  335.461  298.805
514.676  174.797  395.64  170.425
563.882  120.453  434.152  115.427
175.268  353.095  208.568  299.672
563.912  192.29  433.719  185.057
452.796  230.406  356.819  223.326
509.374  111.927  390.226  110.87
548.813  380.102  413.053  366.011
572.398  179.713  440.838  172.394
566.836  39.5614  439.664  34.7491
418.051  333.863  324.841  303.748
290.409  251.512  261.255  230.816
536.277  361.127  404.25  345.997
550.169  286.058  417.425  276.559
233.428  244.46  234.993  223.441
536.451  167.525  413.531  161.503
121.677  317.18  188.364  270.42
534.628  320.894  403.841  307.327
300.91  330.785  264.786  292.236
436.919  165.724  342.106  163.14
441.131  268.672  341.186  251.451
598.794  120.745  464.419  111.147
598.889  158.446  463.686  150.025
559.442  391.003  421.663  379.559
243.795  396.395  236.933  336.602
133.829  263.473  193.75  235.762
387.024  226.523  313.007  214.297
542.794  360.676  409.243  346.761
617.31  343.863  471.542  343.218
450.046  204.145  348.972  196.247
45.8495  284.704  160.085  244.718
358.294  375.852  293.35  333.779
287.034  231.037  260.505  216.292
201.362  381.35  218.896  322.357
504.652  146.358  388.09  143.687
514.865  290.137  390.736  277.046
142.278  214.979  197.647  205.042
556.315  68.2451  429.16  64.8091
290.891  418.402  258.197  357.972
213.226  312.484  225.184  273.47
423.61  233.233  335.633  225.408
188.991  359.687  214.042  301.615
612.517  346.538  467.288  345.273
547.493  291.339  415.531  281.789
435.711  142.305  340.984  142.402
550.141  288.322  417.419  278.897
440.635  320.692  340.419  297.744
247.994  409.94  238.515  346.261
587.472  283.954  449.518  277.047
532.232  147.114  409.349  141.355
439.272  333.182  340.052  305.564
465.857  291.036  355.3  271.384
532.125  149.054  407.605  144.886
406.178  215.153  322.383  205.862
561.694  112.617  432.761  107.966
559.259  279.601  426.896  270.325
487.578  264.281  374.948  251.039
443.262  272.804  342.328  255.143
531.516  94.8877  409.428  93.4103
546.098  171.727  419.202  166.865
269.021  464.554  247.018  389.255
506.559  129.6  388.726  127.711
352.514  244.956  292.551  226.761
622.794  257.594  482.514  253.868
326.39  241.158  279.809  224.61
132.772  268.194  193.496  237.238
474.467  186.668  366.16  181.393
95.8395  188.521  179.407  181.38
240.971  346.443  236.467  297.833
378.378  242.956  306.067  228.998
561.769  105.06  432.968  100.513
502.16  270.953  384.029  260.28
526.002  96.1399  405.395  95.1659
546.121  373.135  412.906  361.434
590.353  307.472  449.591  302.466
271.703  239.892  252.71  221.493
574.067  177.495  441.949  169.884
52.8597  445.89  159.749  348.997
563.499  377.751  425.487  367.949
508.744  138.092  391.126  135.853
438.325  246.902  340.384  233.18
437.385  168.599  342.366  165.799
537.753  277.431  410.082  266.123
550.473  169.063  423.254  164.452
590.812  99.5429  457.433  92.2007
548.336  285.401  416.133  276.04
297.882  311.117  263.881  277.063
72.517  201.697  171.651  187.722
73.5308  294.536  171.252  253.889
475.179  148.548  367.604  147.031
444.316  272.703  343.735  256.237
488.89  353.327  370.25  331.316
435.528  323.492  336.532  298.723
562.394  370.161  424.234  359.608
604.671  180.099  468.987  172.396
527.37  345.913  397.829  330.237
455.875  206.859  352.812  199.015
337.732  238.388  286.76  224.471
432.301  231.801  337.627  220.668
472.716  361.395  359.474  336.739
535.276  261.085  408.724  250.318
572.684  385.991  432.796  378.177
501.904  450.323  380.683  424.634
418.871  326.388  327.201  296.184
419.077  191.918  330.367  186.061
579.514  172.471  447.502  164.998
486.358  171.828  374.954  168.086
585.953  187.749  452.756  180.497
578.259  189.309  447.718  182.796
235.688  247.686  235.889  224.499
244.633  260.28  239.477  233.272
231.226  322.872  232.821  280.744
432.516  330.841  333.966  303.853
535.991  264.911  408.664  253.529
500.797  137.908  385.422  136.164
609.649  200.633  473.775  194.138
431.553  307.432  335.089  281.072
226.083  344.308  229.848  292.337
169.334  352.802  206.413  297.932
448.378  191.438  353.121  186.134
289.905  255.745  260.804  232.963
338.282  428.693  281.676  372.406
191.631  401.793  214.625  334.554
560.924  110.855  432.095  106.429
492.621  171.662  380.615  165.807
437.506  228.253  341.919  215.317
461.507  267.605  354.832  252.923
616.005  354.227  470.33  354.304
197.38  407.381  216.93  339.286
66.0858  467.652  163.489  366.637
251.16  290.723  242.073  256.948
561.582  88.0491  435.405  81.4912
252.746  393.439  240.924  332.764
540.557  276.652  412.781  265.952
482.155  467.318  365.667  433.037
544.876  291.187  413.203  281.359
421.105  236.662  331.135  225.234
278.697  437.815  252.097  369.859
436.321  326.647  337.266  302.298
551.054  254.915  421.466  245.652
398.117  147.399  318.028  148.202
354.761  254.364  293.446  233.786
415.875  216.042  330.293  205.699
354.761  254.364  292.704  232.376
514.697  292.558  390.578  279.671
157.089  324.47  202.12  276.949
295.921  246.997  264.62  228.387
326.212  429.751  275.768  372.444
427.916  440.179  331.813  397.749
617.701  340.727  471.934  340.345
295.889  435.339  260.543  371.783
536.137  116.582  411.749  113.913
426.198  319.521  333.872  294.704
556.604  105.21  428.098  101.236
139.877  221.26  196.947  208.201
116.563  259.44  187.61  231.934
445.091  281.6  339.278  257.764
531.522  147.679  407.011  143.778
339.888  240.808  286.132  222.877
441.927  269.121  343.238  254.416
379.828  241.789  307.887  225.254
618.898  255.763  478.893  251.31
595.726  156.691  460.392  147.873
552.982  175.387  419.471  168.342
495.935  449.708  376.265  421.844
496.144  136.202  382.47  135.022
563.388  441.292  427.2  431.302
456.789  282.045  351.481  265.567
446.707  206.037  347.78  199.111
557.528  274.345  426.241  265.211
618.422  166.22  481.353  157.259
620.04  169.269  482.933  160.487
492.169  357.667  372.273  335.857
620.128  167.318  482.993  158.396
528.753  273.811  403.568  261.824
180.607  358.751  208.304  297.375
547.172  351.492  412.706  339.01
422.858  184.928  333.593  177.463
512.719  332.453  387.21  315.485
524.327  168.314  403.868  161.996
437.464  141.099  343.041  142.052
535.391  85.8996  411.621  84.6179
545.574  295.883  413.184  285.614
564.538  378.299  425.487  367.949
446.99  203.624  347.607  196.66
156.443  426.25  200.171  347.979
215.149  256.812  227.304  232.961
526.456  345.184  397.678  330.427
372.381  260.654  302.335  238.505
532.97  301.916  403.166  289.785
488.762  262.199  373.56  250.341
603.111  200.083  467.618  193.161
84.3916  353.264  171.956  291.144
620.726  108.359  483.869  98.569
451.454  293.049  345.956  272.388
441.076  211.214  346.754  202.438
446.671  281.605  344.889  264.43
618.439  308.318  474.629  307.88
586.038  314.058  445.521  308.711
414.596  422.71  324.988  382.097
460.913  344.111  352.486  320.806
101.472  244.332  182.328  221.802
430.079  439.967  333.521  398.625
559.673  294.845  427.166  285.173
561.029  279.055  428.348  269.516
441.131  300.975  340.007  279.483
182.005  405.136  210.826  336.667
90.6311  180.298  176.699  178.3
565.251  253.294  432.202  244.302
143.343  268.076  197.705  240.09
414.794  195.365  330.107  187.719
590.313  194.326  454.375  186.06
475.111  355.336  361.476  332.619
620.238  166.065  483  156.91
525.329  273.132  401.207  260.918
528.293  102.102  406.176  100.88
602.494  197.013  467.071  189.86
415.083  187.905  208.886  73.2643
601.532  138.034  465.795  128.225
536.238  86.2187  413.051  84.9881
563.884  443.001  427.775  433.196
565.133  441.322  428.649  431.58
616.474  195.532  479.978  188.498
289.596  262.888  260.448  237.356
373.647  254.958  305.016  236.963
212.206  274.373  225.892  246.238
499.164  448.547  378.817  421.712
478.083  441.654  364.404  410.345
563.167  465.597  426.487  455.033
591.045  464.964  449.594  462.849
600.774  140.891  464.792  134.119
592.104  195.717  456.687  187.804
495.618  152.644  380.038  149.709
473.688  160.364  366.797  158.392
507.725  146.476  390.062  144.069
438.065  163.523  342.299  161.404
190.945  376.783  215.041  316.086
505.135  358.835  381.247  339.172
590.811  195.409  455.462  187.409
509.886  309.797  386.163  294.947
453.831  163.007  354.797  162.02
532.182  358.888  400.769  343.395
318.754  421.038  272.341  364.223
526.609  146.501  404.035  143.331
583.125  456.434  443.525  452.41
432.239  141.023  341.304  139.832
81.4097  406.836  169.971  325.58
296.695  421.672  261.611  362.41
516.917  186.028  395.843  177.542
525.297  367.613  399.94  351.724
125.023  193.699  191.839  189.384
506.137  366.162  382.214  346.817
24.2171  129.097  155.928  149.067
394.811  242.413  315.042  229.244
557.812  44.9098  430.867  42.2156
539.422  375.173  408.83  359.204
618.534  249.261  479.232  244.481
491.426  172.633  378.407  169.097
520.626  260.694  395.304  250.305
449.658  208.264  349.176  201.044
601.683  189.19  466.077  181.416
558.974  257.307  428.077  248.475
104.286  46.7865  185.233  90.7202
435.915  273.081  337.834  255.836
617.349  248.201  478.224  243.292
326.243  242.298  279.809  224.61
538.48  280.422  405.759  268.107
604.569  201.041  470.375  194.655
547.771  354.969  413.055  342.819
246.379  400.571  238.22  336.763
141.823  220.295  195.352  202.062
622.373  251.99  482.713  247.61
474.941  185.481  366.326  180.797
469.375  307.854  360.724  292.386
438.652  229.316  342.127  215.227
610.103  199.937  473.977  192.889
558.41  299.319  425.676  288.802
503.031  275.189  383.041  258.796
265.543  395.164  247.146  336.239
617.338  250.385  478.059  245.473
540.836  88.5837  419.179  87.0868
552.11  377.301  415.709  365.054
485.858  261.034  371.277  249.132
586.786  281.964  449.489  274.651
432.229  306.944  335.025  285.323
202.051  408.687  219.262  340.628
480.276  350.873  362.834  326.172
498.023  229.643  383.634  223.634
301.249  420.848  263.863  361.761
468.755  99.9908  360.899  103.533
609.751  185.978  473.896  178.152
438.191  212.459  342.323  205.214
530.08  463.131  401.11  443.323
454.635  441.654  349.132  405.122
183.312  262.958  214.031  234.286
450.963  134.776  351.496  136.137
500.741  122.948  385.426  122.698
285.757  234.262  259.537  216.027
380.533  268.885  306.585  244.864
556.874  463.813  421.421  450.89
566.32  270.787  434.273  262.721
524.6  192.523  399.442  186.193
492.617  271.057  379.399  257.916
527.507  138.606  402.556  135.248
235.158  405.867  233.627  342.89
192.179  378.27  215.781  319.65
136.351  312.47  194.836  266.06
477.013  358.583  361.186  333.847
472.557  163.085  365.306  160.782
619.003  202.187  482.114  195.262
619.47  192.677  482.837  185.209
609.734  187.175  473.894  179.341
529.689  102.647  407.581  101.622
485.441  265.93  371.797  254.73
603.125  198.059  467.995  190.795
549.765  24.7447  426.192  23.7587
555.216  382.777  419.907  373.872
539.937  83.2931  415.663  82.0927
255.263  392.968  242.447  331.583
622.971  194.976  486.314  187.735
618.244  201.297  481.396  194.235
456.359  160.166  345.305  153.422
568.543  271.752  436.339  263.964
468.374  322.892  360.08  300.417
445.15  345.01  341.234  318.333
527.626  127.419  405.502  125.48
616.784  339.471  471.755  335.184
447.376  231.085  349.523  223.917
331.05  362.266  279.998  319.348
512.402  97.4886  395.404  98.4006
552.856  107.986  423.97  101.039
552.867  351.944  417.36  341.474
432.411  233.977  336.425  222.156
428.955  440.412  333.292  398.888
391.831  237.126  315.032  221.226
529.313  357.361  398.724  342.104
411.666  310.46  322.573  279.463
361.265  266.284  296.347  241.78
69.2638  358.111  166.151  292.986
441.488  319.063  339.893  296.133
384.612  200.37  310.322  194.579
496.799  171.293  381.574  167.786
602.723  202.394  467.199  195.008
587.173  456.72  447.243  453.715
425.389  177.078  336.964  171.317
349.083  234.493  292.853  220.003
185.406  48.4439  217.43  87.1181
510.121  98.4114  391.65  99.294
549.313  24.0493  424.611  23.6072
475.234  240.021  364.809  230.172
346.584  392.807  287.036  343.654
385.657  188.698  309.758  183.38
115.931  455.307  181.105  362.219
469.96  350.404  357.384  327.161
482.296  173.386  371.179  169.909
489.695  159.547  379.35  158.429
522.54  349.91  393.485  333.658
502.423  129.764  386.725  129.297
609.473  189.006  473.891  181.121
539.735  376.18  406.759  363.017
500.445  113.081  385.749  113.97
499.636  128.003  384.554  127.773
497.16  121.372  383.148  121.852
518.197  80.1829  399.07  81.6669
616.005  354.227  469.052  354.028
406.522  267.392  320.037  242.527
208.099  256.621  224.938  232.849
619.327  200.941  482.49  193.678
618.283  192.708  481.565  184.885
466.341  209.753  360.416  203.488
609.878  449.271  466.794  452.146
483.51  356.891  365.501  333.715
292.676  275.696  262.171  246.965
469.276  232.383  364.96  226.977
485.209  290.74  369.06  275.432
415.994  247.166  329.041  230.356
282.902  340.053  256.762  296.901
426.102  308.755  333.646  283.295
508.083  274.406  388.451  259.757
335.652  362.481  282.811  320.734
503.273  128.068  387.74  127.849
452.276  170.672  351.562  168.263
308.717  243.554  271.679  225.664
454.721  152.71  352.047  151.51
554.229  263.931  423.312  253.292
604.335  198.46  469.062  190.879
431.985  235.292  338.38  220.013
295.658  432.379  261.501  370.763
145.337  226.101  199.767  211.954
293.628  340.047  261.423  295.618
619.289  195.179  482.585  187.486
120.805  41.4739  191.229  86.6728
470.281  162.3  363.73  160.502
70.2231  214.913  168.953  198.551
243.87  250.273  240.179  225.804
596.282  198.576  461.246  190.561
464.254  130.544  359.794  132.011
538.843  149.765  411.555  145.992
504.337  98.0182  388.975  99.8439
406.3  204.037  321.616  196.804
444.326  187.469  346.871  178.6
563.463  461.184  427.56  450.743
622.544  222.174  484.888  216.122
222.266  27.9362  234.751  67.7969
530.775  104.043  407.371  103.123
438.006  164.745  342.106  163.14
523.47  126.34  401.943  124.939
572.128  465.486  434.423  457.432
350.387  395.778  289.327  346.943
548.99  440.761  416.809  427.034
189.461  259.452  217.244  235.498
563.579  276.241  430.27  265.823
100.23  244.329  178.749  219.195
448.342  132.748  350.59  135.33
484.53  327.986  366.896  308.236
342.214  384.759  285.557  337.848
465.231  129.658  360.459  131.281
198.049  407.687  218.178  339.753
490.102  109.048  377.989  111.154
237.356  332.86  231.793  287.498
513.616  97.2495  395.404  98.4006
296.477  335.835  264.277  297.732
280.813  432.637  254.447  367.994
453.64  158.617  352.792  157.852
388.069  222.497  318.35  214.966
179.2  260.782  213.004  230.893
603.979  199.914  468.845  192.194
239.417  237.26  239.094  218.199
505.146  130.661  387.739  130.083
271.994  230.451  254.302  214.367
314.988  421.469  271.199  363.547
286.178  232.234  260.758  215.239
451.223  133.419  351.384  135.537
427.521  146.88  338.283  144.143
602.902  214.71  467.093  207.262
486.296  327.956  367.916  308.471
193.239  23.8108  219.903  69.188
289.028  339.414  259.774  295.637
490.048  179.047  378.418  171.172
195.597  355.746  218.182  300.167
616.664  354.681  469.704  355.328
503.008  181.41  385.705  172.185
526.091  127.223  405.012  126.195
443.349  210.805  345.274  197.998
620.698  103.745  484.22  89.9376
443.632  152.899  348.097  154.183
508.614  318.944  384.182  303.71
450.937  192.247  347.658  179.786
603.103  219.578  467.446  212.396
334.298  264.213  278.745  241.265
446.155  187.206  346.981  183.248
298.457  313.762  266.142  281.638
441.004  337.837  343.321  311.043
234.856  337.35  235.085  288.75
442.532  152.67  346.448  153.536
131.528  425.009  191.601  346.302
491.148  217.378  379.031  206.74
469.089  94.4556  368.149  100.501
453.516  179.977  354.886  178.933
446.423  285.7  343.143  267.787
196.832  355.019  218.776  298.905
250.172  228.348  244.318  211.993
157.054  332.683  203.362  277.687
607.403  204.027  471.842  196.31
344.467  274.789  286.945  245.092
549.763  380.56  411.281  365.744
430.957  175.943  337.726  173.682
140.636  403.605  195.546  331.966
473.188  175.214  368.799  174.716
434.34  231.289  340.138  223.703
376.851  246.814  306.582  227.626
304.338  288.677  270.319  264.338
625.817  254.95  486.198  250.063
620.26  134.411  482.471  122.037
453.265  179.02  353.337  177.227
438.951  208.995  341.652  202.344
120.484  40.8591  192.651  85.9926
512.95  186.171  393.482  182.709
247.095  391.305  240.187  333.772
419.426  341.12  324.476  299.967
527.384  23.4818  409.68  27.0325
619.371  194.429  482.683  186.047
453.265  179.02  353.337  177.227
